⠀⠁⠂⠃⠄⠅⠆⠇⠈⠉⠊⠋⠌⠍⠎
⠏⠐⠑⠒⠓⠔⠕⠖⠗⠘⠙⠚⠛⠜⠝
⠞⠟⠠⠡⠢⠣⠤⠥⠦⠧⠨⠩⠪⠫⠬
⠭⠮⠯⠰⠱⠲⠳⠴⠵⠶⠷⠸⠹⠺⠻
⠼⠽⠾⠿⡀⡁⡂⡃⡄⡅⡆⡇⡈⡉⡊
⡋⡌⡍⡎⡏⡐⡑⡒⡓⡔⡕⡖⡗⡘⡙
⡚⡛⡜⡝⡞⡟⡠⡡⡢⡣⡤⡥⡦⡧⡨
⡩⡪⡫⡬⡭⡮⡯⡰⡱⡲⡳⡴⡵⡶⡷
⡸⡹⡺⡻⡼⡽⡾⡿⢀⢁⢂⢃⢄⢅⢆
⢇⢈⢉⢊⢋⢌⢍⢎⢏⢐⢑⢒⢓⢔⢕
⢖⢗⢘⢙⢚⢛⢜⢝⢞⢟⢠⢡⢢⢣⢤
⢥⢦⢧⢨⢩⢪⢫⢬⢭⢮⢯⢰⢱⢲⢳
⢴⢵⢶⢷⢸⢹⢺⢻⢼⢽⢾⢿⣀⣁⣂
⣃⣄⣅⣆⣇⣈⣉⣊⣋⣌⣍⣎⣏⣐⣑
⣒⣓⣔⣕⣖⣗⣘⣙⣚⣛⣜⣝⣞⣟⣠
⣡⣢⣣⣤⣥⣦⣧⣨⣩⣪⣫⣬⣭⣮⣯
⣰⣱⣲⣳⣴⣵⣶⣷⣸⣹⣺⣻⣼⣽⣾⣿

жжжжжжжжжжжжжжжжжжжжжжжжжжжжжжжжжжжжжжжжжжжжжжжжжжжжжжжжжжжжж

utf-16
14 04 30 04 32 04 3D 04 38 04 3C 04 20 00 34 04
30 04 32 04 3D 04 3E 04 2C 00 20 00 31 04 43 04
32 04 20 00 41 04 42 04 30 04 40 04 35 04 46 04
4C 04 2D 00 3E 04 45 04 3E 04 40 04 3E 04 3D 04
35 04 46 04 4C 04 2C 00 20 00 32 04 56 04 3D 04
20 00 41 04 42 04 35 04 40 04 56 04 33 04 20 00
56 04 20 00 37 04 31 04 35 04 40 04 56 04 33 04
30 04 32 04 20 00 37 04 35 04 3C 04 3B 04 56 04
20 00 1A 04 56 04 31 04 35 04 40 04 3D 04 35 04
42 04 38 04 3A 04 38 04 2C 00 20 00 3E 04 42 04
36 04 35 04 2C 00 20 00 32 04 56 04 3D 04 20 00
31 04 43 04 32 04 20 00 3D 04 30 04 48 04 38 04
3C 04 20 00 41 04 3F 04 30 04 41 04 38 04 42 04
35 04 3B 04 35 04 3C 04 2E 00 20 00 1E 04 34 04
3D 04 3E 04 33 04 3E 04 20 00 34 04 3D 04 4F 04
2C 00 20 00 37 04 27 00 4F 04 32 04 38 04 3B 04
30 04 41 04 4F 04 20 00 12 04 1E 04 1D 04 10 04
2C 00 20 00 1A 04 3E 04 40 04 3E 04 3B 04 35 04
32 04 30 04 2E 00 20 00 12 04 3E 04 3D 04 30 04
20 00 3F 04 3E 04 47 04 38 04 3D 04 30 04 3B 04
30 04 20 00 42 04 32 04 35 04 40 04 34 04 38 04
42 04 38 04 20 00 41 04 32 04 3E 04 57 04 20 00
42 04 3E 04 47 04 3A 04 38 04 20 00 37 04 3E 04
40 04 43 04 2C 00 20 00 49 04 3E 04 20 00 42 04
40 04 35 04 31 04 30 04 20 00 3D 04 35 04 3C 04
3E 04 32 04 20 00 22 00 40 04 35 04 41 04 43 04
40 04 41 04 38 04 20 00 34 04 3B 04 4F 04 20 00
34 04 3E 04 3B 04 30 04 3D 04 3D 04 4F 04 20 00
3C 04 43 04 3A 04 20 00 42 04 32 04 3E 04 40 04
46 04 4F 04 22 00 2C 00 20 00 30 04 3B 04 35 04
20 00 3C 04 38 04 20 00 3D 04 35 04 20 00 37 04
3D 04 30 04 3B 04 38 04 20 00 3F 04 40 04 3E 04
20 00 3D 04 4C 04 3E 04 33 04 3E 04 2C 00 20 00
56 04 20 00 42 04 32 04 35 04 40 04 34 04 38 04
3B 04 38 04 20 00 41 04 32 04 3E 04 54 04 2E 00
20 00 1E 04 42 04 36 04 35 04 20 00 3D 04 35 04
20 00 3A 04 3E 04 40 04 38 04 3B 04 38 04 41 04
4F 04 20 00 3C 04 38 04 20 00 57 04 39 04 20 00
3F 04 56 04 34 04 30 04 3D 04 3D 04 4F 04 2C 00
20 00 56 04 20 00 32 04 3E 04 3D 04 30 04 20 00
3F 04 3E 04 47 04 30 04 3B 04 30 04 20 00 32 04
32 04 3E 04 34 04 38 04 42 04 38 04 20 00 41 04
32 04 3E 04 57 04 20 00 32 04 56 04 39 04 41 04
4C 04 3A 04 30 04 20 00 56 04 20 00 32 04 38 04
42 04 56 04 41 04 3D 04 4E 04 32 04 30 04 42 04
38 04 20 00 3D 04 30 04 41 04 2E 00 20 00 1D 04
30 04 32 04 56 04 42 04 4C 04 20 00 3D 04 30 04
48 04 3E 04 33 04 3E 04 20 00 41 04 3F 04 30 04
41 04 38 04 42 04 35 04 3B 04 4F 04 20 00 3F 04
3E 04 33 04 43 04 31 04 38 04 3B 04 30 04 2C 00
20 00 30 04 3B 04 35 04 20 00 3C 04 38 04 2C 00
20 00 41 04 38 04 3F 04 30 04 40 04 30 04 42 04
38 04 41 04 42 04 38 04 2C 00 20 00 41 04 42 04
30 04 40 04 30 04 54 04 3C 04 41 04 4F 04 20 00
3F 04 56 04 34 04 42 04 40 04 38 04 3C 04 43 04
32 04 30 04 42 04 38 04 20 00 3F 04 30 04 41 04
42 04 3A 04 38 04 20 00 39 04 20 00 3F 04 38 04
41 04 30 04 42 04 38 04 20 00 40 04 56 04 34 04
3D 04 3E 04 4E 04 20 00 3C 04 3E 04 32 04 3E 04
4E 04 2C 00 20 00 30 04 20 00 32 04 3E 04 3D 04
30 04 20 00 31 04 43 04 3B 04 30 04 20 00 3D 04
35 04 20 00 32 04 41 04 56 04 3C 04 20 00 37 04
40 04 3E 04 37 04 43 04 3C 04 56 04 3B 04 30 04
2C 00 20 00 42 04 30 04 20 00 39 04 20 00 3A 04
3E 04 40 04 3E 04 3B 04 35 04 32 04 30 04 20 00
37 04 30 04 4F 04 32 04 3B 04 4F 04 3B 04 30 04
2C 00 20 00 49 04 3E 04 20 00 3D 04 30 04 48 04
30 04 20 00 3C 04 3E 04 32 04 30 04 20 00 3D 04
35 04 37 04 40 04 3E 04 37 04 43 04 3C 04 56 04
3B 04 30 04 2C 00 20 00 42 04 3E 04 3C 04 43 04
20 00 3C 04 38 04 20 00 3A 04 3E 04 40 04 38 04
41 04 42 04 43 04 54 04 3C 04 3E 04 41 04 4F 04
20 00 3D 04 35 04 4E 04 2E 00 20 00 10 04 3B 04
35 04 20 00 39 04 20 00 46 04 56 04 54 04 57 04
20 00 48 04 3A 04 3E 04 34 04 38 04 20 00 3D 04
30 04 3C 04 20 00 31 04 43 04 3B 04 3E 04 20 00
3C 04 30 04 3B 04 3E 04 2C 00 20 00 32 04 3E 04
3D 04 30 04 20 00 3F 04 3E 04 47 04 30 04 3B 04
30 04 20 00 3F 04 40 04 3E 04 3F 04 3E 04 3D 04
43 04 32 04 30 04 42 04 38 04 20 00 41 04 3B 04
43 04 36 04 38 04 42 04 38 04 20 00 57 04 57 04
20 00 30 04 40 04 3C 04 56 04 57 04 20 00 37 04
30 04 20 00 34 04 3E 04 32 04 3E 04 3B 04 56 04
20 00 32 04 38 04 33 04 56 04 34 04 3D 04 56 04
20 00 43 04 3C 04 3E 04 32 04 38 04 2C 00 20 00
3E 04 42 04 36 04 35 04 20 00 42 04 3E 04 3B 04
3A 04 20 00 46 04 4C 04 3E 04 3C 04 43 04 20 00
31 04 35 04 37 04 34 04 43 04 3C 04 3D 04 3E 04
3C 04 43 04 20 00 3D 04 30 04 40 04 3E 04 34 04
43 04 2E 00 20 00 1D 04 35 04 3D 04 4C 04 3A 04
30 04 20 00 11 04 30 04 42 04 4C 04 3A 04 56 04
32 04 49 04 38 04 3D 04 30 04 20 00 3D 04 30 04
48 04 30 04 20 00 33 04 38 04 3D 04 35 04 2C 00
20 00 30 04 20 00 32 04 3E 04 3D 04 38 04 20 00
46 04 43 04 40 04 30 04 4E 04 42 04 4C 04 20 00
3D 04 30 04 48 04 56 04 20 00 37 04 32 04 38 04
47 04 30 04 57 04 20 00 39 04 20 00 3D 04 30 04
48 04 35 04 20 00 3F 04 38 04 41 04 4C 04 3C 04
3E 04 2C 00 20 00 42 04 35 04 3F 04 35 04 40 04
2C 00 20 00 3C 04 3E 04 36 04 3B 04 38 04 32 04
3E 04 2C 00 20 00 3C 04 38 04 20 00 34 04 30 04
3B 04 56 04 20 00 3D 04 35 04 20 00 3C 04 3E 04
36 04 35 04 3C 04 3E 04 20 00 3F 04 56 04 34 04
42 04 40 04 38 04 3C 04 43 04 32 04 30 04 42 04
38 04 20 00 42 04 30 04 3A 04 38 04 39 04 20 00
3F 04 40 04 30 04 32 04 3E 04 3F 04 38 04 41 04
2E 00 20 00 06 04 20 00 4F 04 3A 04 49 04 3E 04
20 00 3D 04 30 04 32 04 56 04 42 04 4C 04 20 00
45 04 42 04 3E 04 41 04 4C 04 20 00 40 04 3E 04
37 04 48 04 38 04 44 04 40 04 43 04 54 04 20 00
46 04 35 04 2C 00 20 00 42 04 3E 04 20 00 3C 04
3E 04 36 04 3B 04 38 04 32 04 3E 04 20 00 3C 04
38 04 20 00 42 04 40 04 38 04 3C 04 30 04 3B 04
38 04 46 04 4F 04 20 00 34 04 3E 04 20 00 3A 04
56 04 3D 04 46 04 4F 04 20 00 56 04 20 00 37 04
40 04 56 04 32 04 3D 04 38 04 3B 04 38 04 41 04
4F 04 20 00 37 04 20 00 37 04 35 04 3C 04 3B 04
35 04 4E 04 20 00 3C 04 38 04 2E 00

Давним давно, був старець-охоронець, він стеріг і зберігав землі Кібернетики, отже, він був нашим спасителем. Одного дня, з'явилася ВОНА, Королева. Вона починала твердити свої точки зору, що треба немов "ресурси для долання мук творця", але ми не знали про нього, і твердили своє. Отже не корилися ми їй підання, і вона почала вводити свої війська і витіснювати нас. Навіть нашого спасителя погубила, але ми, сипаратисти, стараємся підтримувати пастки й писати рідною мовою, а вона була не всім зрозуміла, та й королева заявляла, що наша мова незрозуміла, тому ми користуємося нею. Але й цієї шкоди нам було мало, вона почала пропонувати служити її армії за доволі вигідні умови, отже толк цьому бездумному народу. Ненька Батьківщина наша гине, а вони цурають наші звичаї й наше письмо, тепер, можливо, ми далі не можемо підтримувати такий правопис. І якщо навіть хтось розшифрує це, то можливо ми трималиця до кінця і зрівнилися з землею ми.

жжжжжжжжжжжжжжжжжжжжжжжжжжжжжжжжжжжжжжжжжжжжжжжжжжжжжжжжжжжжж

if (a.MapMineral.map[j][i] < 51.2)
	uv.set_screen(j, i, ' ');
else if (a.MapMineral.map[j][i] < 51.2 * 2)
	uv.set_screen(j, i, char(176));
else if (a.MapMineral.map[j][i] < 51.2 * 3)
	uv.set_screen(j, i, char(177));
else if (a.MapMineral.map[j][i] < 51.2 * 4)
	uv.set_screen(j, i, char(178));
else uv.set_screen(j, i, char(219));

жжжжжжжжжжжжжжжжжжжжжжжжжжжжжжжжжжжжжжжжжжжжжжжжжжжжжжжжжжжжж

Kiwii::Map_Exp<uint8_t>a(12, 12);
int d[1] = { 1 };
a = Kiwii_Experiment::Perlin(a, 1, d, 1);

for (int i = 0;i < a.y;i++) {
	for (int j = 0;j < a.x;j++) {
		if (a.map[j][i] < 51.2)
			std::cout << ' ';
		else if (a.map[j][i] < 51.2 * 2)
			std::cout << char(176);
		else if (a.map[j][i] < 51.2 * 3)
			std::cout << char(177);
		else if (a.map[j][i] < 51.2 * 4)
			std::cout << char(178);
		else std::cout << char(219);
	}
	std::cout << '\n';
}

жжжжжжжжжжжжжжжжжжжжжжжжжжжжжжжжжжжжжжжжжжжжжжжжжжжжжжжжжжжжж

if (Xl - 1 >= 0) {
	Xl--;
	if (Yl - 1 >= 0) {
		Yl--;
		Yl++;
	}				
	if (Yl + 1 < Y) {
		Yl++;
		Yl--;
	}
	Xl++;
}
//жжжжжжжжжжжжжжжжжжжжжжжжжжжжжжжжжжжжжжжжжжжжжжжжжжж
if (Yl - 1 >= 0) {
	Yl--;
	Yl++;
}
if (Yl + 1 < Y) {
	Yl++;
	Yl--;
}
//жжжжжжжжжжжжжжжжжжжжжжжжжжжжжжжжжжжжжжжжжжжжжжжжжжж
if (Xl + 1 < X) {
	Xl++;
	if (Yl - 1 >= 0) {
		Yl--;
		Yl++;
	}
	if (Yl + 1 < Y) {
		Yl++;
		Yl--;
	}
	Xl--;
}

жжжжжжжжжжжжжжжжжжжжжжжжжжжжжжжжжжжжжжжжжжжжжжжжжжжжжжжжжжжжж
